Title line: Populacoes de Brycon amazonicus
Locus_1
Locus_2
Locus_3
Locus_4
Locus_5
Locus_6
Locus_7
Locus_8
Locus_9
Locus_10
Pop
Tab01 ,  198198 143157 200200 234234 240264 150154 157157 196202 166180 215215
Tab02 ,  200214 121149 196202 218230 228238 142154 149169 198208 148172 203215
Tab04 ,  182200 121147 192196 232236 226226 142150 149165 202202 148170 205209
Tab05 ,  194200 121125 192192 218228 226236 148154 149157 190208 148152 175175
Tab06 ,  192200 123143 194194 238238 236242 154154 157157 202202 150166 203221
Tab07 ,  196196 121147 196198 228228 228232 142150 157169 202202 148170 177203
Tab08 ,  192196 121143 196196 232232 224224 142142 149149 202202 148176 203203
Tab09 ,  180180 125157 196196 220228 238238 146154 157157 204204 148152 207207
Tab10 ,  196196 121147 200200 218230 224264 142142 157157 190190 148170 203209
Tab11 ,  194198 121133 188188 228228 228236 150154 149149 202202 148158 189207
Tab12 ,  194194 121147 200200 218228 224244 142154 157157 202202 148170 203203
Tab13 ,  174188 121121 196196 230230 226238 154154 169169 196196 148148 203203
Tab14 ,  188188 119121 194196 226226 226226 142142 149157 198198 146148 185185
Tab15 ,  198198 143147 192192 228234 228232 146148 149157 190202 166170 217217
Tab16 ,  188188 121121 198200 226228 228236 154156 169173 202202 148160 203203
Tab242 ,  186196 119149 188188 238238 226228 142150 149157 202202 146176 207209
Tab243 ,  198198 119147 194198 218218 238238 150156 149149 190198 148170 203203
Tab244 ,  194194 121135 196196 230232 228232 142154 157157 190190 148160 191191
Tab245 ,  194196 119143 192196 228230 226238 142154 157157 196196 148168 207213
Tab246 ,  196196 119119 194204 216226 228228 142156 149157 190190 146150 185213
Pop
TEF134 ,  192196 119143 202210 230230 224238 154156 157157 190190 146166 199207
TEF135 ,  200200 121153 194202 218218 224238 148154 157157 190202 148176 207207
TEF136 ,  182196 121147 200202 226228 226228 154154 157157 190202 148170 185209
TEF137 ,  186196 121121 200202 228228 228244 154156 169169 190190 148148 203203
TEF138 ,  188198 121143 194196 226226 228264 142148 149157 190202 148166 203203
TEF139 ,  188188 121121 194198 226236 224224 154158 157165 198198 148148 185213
TEF140 ,  188198 123143 196196 230230 240242 142154 157157 190198 150166 203217
TEF141 ,  192196 125139 198202 224238 228228 142154 149157 190196 152164 203203
TEF266 ,  190198 145149 202202 230236 226238 142142 157157 190190 168172 205211
TEF267 ,  200202 121121 198200 216226 224228 142150 157157 196198 148148 207221
TEF268 ,  000000 119119 190198 226232 224224 154158 149149 196202 146148 185203
TEF269 ,  202204 119121 190196 218218 238238 148156 157157 202202 146148 207213
TEF270 ,  196210 131143 194200 216216 238240 142150 149149 202202 156166 205205
TEF271 ,  196196 121149 194202 230232 224224 146158 149149 190202 148172 185209
TEF272 ,  188196 145155 198202 226228 224256 154158 147157 196202 168178 209209
TEF273 ,  188196 121143 198202 228236 224224 148154 169169 196196 148168 209209
TEF274 ,  194198 143153 194198 226228 226240 154156 149157 190196 168176 185215
TEF275 ,  200210 123149 190198 216228 228240 148154 157157 196196 150172 185209
TEF276 ,  186214 119121 196198 226226 224228 146154 169169 196198 146148 185219
TEF277 ,  186186 121123 192196 228234 228232 142154 155155 202202 148150 000000
Pop
COA142 ,  196212 121141 198202 218228 228236 142154 149157 190198 148164 189189
COA143 ,  196196 123145 198200 228230 232236 142148 157157 198198 150168 203213
COA144 ,  196196 123145 198200 216218 232236 142148 157157 198198 150168 203203
COA145 ,  188196 139143 188188 232232 224228 148158 143169 202202 164168 185185
COA146 ,  192192 135153 202202 218228 224238 154156 157157 196208 160176 185185
COA147 ,  192202 135153 202202 218228 224238 154156 149157 196208 160176 205205
COA148 ,  184184 125143 194196 218218 228228 146150 157157 196206 152166 203207
COA149 ,  198200 121147 200204 226226 226238 146148 157157 202202 148170 207217
COA150 ,  204204 121121 196204 218218 224224 142150 157157 198198 148148 207207
COA151 ,  184186 121147 194202 224228 228238 150154 153153 190196 148170 213213
COA152 ,  188188 119141 194194 226226 228228 142146 149157 196198 146166 211211
COA153 ,  184196 123135 200202 228228 228232 142156 149157 202202 150160 199207
COA154 ,  198198 143145 200210 228230 224228 142146 169169 190202 166168 199207
Pop
Mao01 ,  194202 121149 198208 218232 228234 146150 151151 196196 148172 203205
Mao02 ,  196196 121125 194200 226226 228232 148154 151169 202202 148152 205205
Mao03 ,  189198 119123 192196 226232 228240 142154 157157 190196 146150 209219
Mao04 ,  200202 123123 192194 228228 224228 146154 149149 196196 150154 205215
Mao05 ,  188188 121149 192202 224228 224238 148148 157157 196202 148172 207207
Mao06 ,  194200 149157 196196 226226 226226 154154 149157 196196 172180 203209
Mao07 ,  198200 121139 192198 230230 238238 148150 157157 202202 148164 185203
Mao08 ,  196200 119121 196196 218228 228228 156156 157157 196196 146148 185207
Mao09 ,  200200 119131 194196 228228 228234 154158 149149 196196 146156 209209
Mao10 ,  194200 145153 196202 224224 228228 142154 157157 190202 168176 185217
Mao11 ,  188196 153157 194206 228234 224228 150154 157157 202202 176182 203203
Mao12 ,  198204 123145 196202 228228 228228 142154 149149 196196 150168 207227
Mao13 ,  186202 121149 196196 224226 224224 142142 149149 196196 148172 207223
Mao14 ,  188198 125145 200200 218226 226264 154156 157157 198198 152168 215215
Mao15 ,  198198 143143 192196 228228 228244 142154 157157 190190 168168 229229
Mao16 ,  180194 123143 196200 234234 226244 146154 157173 196196 150166 207207
Mao17 ,  194194 121143 192192 224224 228232 146148 149149 196196 148166 205205
Pop
NOL220 ,  188188 143149 202204 228230 224238 142154 157157 196196 166172 207213
NOL221 ,  188188 151151 194196 218226 226238 150156 149157 190196 160178 205205
NOL222 ,  188194 151151 194196 230236 232236 150158 157157 198198 170170 207209
NOL223 ,  200200 121121 194194 218218 228240 146146 169169 198208 148148 203213
NOL224 ,  188194 147153 196200 226228 226232 142148 149169 190196 170176 207207
NOL225 ,  192200 121135 198198 226230 226238 146154 149157 198198 148160 185201
NOL226 ,  196196 119121 190190 206206 228232 154156 149149 196202 146148 205207
NOL227 ,  186186 119149 200200 226228 224236 146148 157157 202208 146172 207207
NOL228 ,  188200 121145 200200 234234 224228 154154 149157 202202 148168 205207
NOL229 ,  196196 119121 198202 228228 226236 148150 157157 196198 146148 205207
Pop
MAN230 ,  188192 121153 194196 228228 224236 142142 169169 190190 148176 203207
MAN231 ,  188194 119121 194198 216218 228232 148154 161161 198198 146148 207213
MAN232 ,  200210 119143 198198 218226 228228 154154 157157 190196 146166 199203
MAN233 ,  194194 123147 198200 228228 228264 150156 157157 190198 150170 185213
MAN234 ,  198198 143147 198200 226226 228238 142142 157157 202202 168172 205205
MAN235 ,  194200 119121 196200 218228 224244 142148 157169 198208 148168 185203
MAN236 ,  196196 143153 200202 218226 228240 154154 157157 190196 166176 207207
MAN237 ,  186190 153155 194198 226236 226228 154156 149149 190198 176178 185185
MAN238 ,  200200 119145 200204 226226 228242 142158 161169 190190 146168 185203
MAN239 ,  202202 119121 194194 216232 240240 154154 149149 190204 146148 213213
MAN240 ,  186196 119123 196196 228228 224232 142148 161165 196196 146150 185203
MAN241 ,  182200 119139 194194 226226 224232 150154 157157 202202 146164 185185
Pop
HUM55 ,  210210 119143 200200 228232 228228 150154 149157 196198 148168 185185
HUM56 ,  198198 119143 202202 232232 228238 142150 161161 196198 166166 185203
HUM57 ,  196196 121121 196198 218218 228238 142152 149157 190202 148148 197207
HUM58 ,  188200 119121 198204 228228 228238 154154 000000 190190 146148 207207
HUM59 ,  186200 119143 202204 216228 224228 142146 000000 196202 148168 185207
HUM60 ,  196196 121123 192196 216216 228228 142150 149157 190196 148148 183185
HUM61 ,  200200 119121 198198 218228 244244 150156 149157 188196 148150 183185
HUM62 ,  198198 119121 196196 228236 228228 142156 149157 190206 148176 185185
HUM63 ,  198198 119141 198200 228232 224240 142142 165165 196196 166186 185185
HUM64 ,  196196 119121 190200 206232 228238 150152 149157 196198 148168 185185
HUM65 ,  188196 119147 192192 230230 224228 154154 157157 202202 146170 205207
HUM66 ,  210210 121121 192210 230230 224224 148154 149157 192196 148148 185217
HUM67 ,  196196 119143 202202 226230 226238 142154 157157 196198 166168 185205
HUM68 ,  192192 121143 202202 216230 238240 150154 149149 196198 148148 185185
HUM69 ,  198200 121143 200200 218228 224236 146150 169173 190196 148168 183185
HUM70 ,  188188 121143 198202 226228 224236 142154 149157 196208 148168 185207
HUM210 ,  194196 121145 202202 218228 224228 148156 169169 196198 158168 205205
HUM211 ,  186186 121143 194202 226228 226226 142154 157157 190198 148168 209209
HUM212 ,  196196 119147 192198 228228 224236 148154 149157 190208 146170 185185
HUM213 ,  198202 119143 194196 218222 228228 150156 157157 196202 146166 185185
Pop
San01 ,  198198 121143 198198 226226 228238 142154 157157 202208 148166 207207
San02 ,  180194 121143 196196 230230 228238 148148 149157 202208 148166 207207
San03 ,  194194 121143 198198 230230 228228 148148 149157 202208 148166 207211
San04 ,  198198 121143 198198 226226 228228 142148 157157 202208 148166 207211
San05 ,  194198 121149 196198 226226 228238 148148 157157 202208 148172 207207
San06 ,  198198 143143 198198 226226 228228 142154 149157 202208 166166 207207
San07 ,  180196 121143 198198 226230 228238 148154 149149 202208 148166 207207
San08 ,  180194 143149 198198 230230 228228 142154 157157 202208 166172 207207
San09 ,  194198 143143 198198 230230 228238 142154 157157 202208 168168 207207
San10 ,  194198 121121 198198 226230 228238 142142 149149 202208 148148 207207
San11 ,  194194 143149 198198 226230 228238 148148 157157 202208 166172 207207
San12 ,  180198 121143 196196 226230 228228 142148 149149 202208 148166 207207
San13 ,  198198 143143 196196 226230 228228 148148 157157 202208 166166 207207
San14 ,  180198 121143 198198 226226 228238 142154 149149 202208 148168 207207
San15 ,  194196 143143 198198 226226 228238 142148 149149 202208 166166 207207
San16 ,  198198 143143 196196 230230 228228 142148 157157 202208 168168 207207
San17 ,  194216 143143 198198 214230 228228 148148 151157 202208 166166 207207
San18 ,  180196 143143 196198 226226 228238 148154 157157 202208 166166 207207
San19 ,  194194 121143 198198 226230 228238 142148 149149 202208 148166 207207
San20 ,  198198 143143 196196 230230 228228 148154 149149 202208 166166 207207
San21 ,  198198 121143 196196 226230 228228 142154 157157 202208 148166 207207
San22 ,  198198 143143 198198 226230 228228 148148 149149 202208 166166 207207
San23 ,  180194 143143 196196 226230 228228 142148 157157 202208 166166 207207
San24 ,  180196 121143 196196 226226 228228 148154 149149 202208 148166 207207